4.437107054034078146e+01
5.654452178601222556e+01
8.009140334577458020e+01
9.950981669860760803e+01
1.258447517975204164e+02
1.374388686168099412e+02
1.511834468544146262e+02
1.757592116537763332e+02
2.036656832240401513e+02
2.178793462431115415e+02
2.708426749032864791e+02
3.161865981100558542e+02
3.456463967746489629e+02
3.899883415204703851e+02
4.310400744014981456e+02
4.644659220796911541e+02
4.999982856587949982e+02
5.420429292760561566e+02
5.760854773773769466e+02
6.702156350334106492e+02
7.297817448870548560e+02
7.694163768082012211e+02
8.285705317897804889e+02
8.868922153155158412e+02
9.599371748479466078e+02
1.008497338250808866e+03
1.085821009435694123e+03
1.148980351686951280e+03
1.274945063639062028e+03
1.357224131744298802e+03
1.438682011550958350e+03
1.532279603749425632e+03
1.628844012123071252e+03
1.738211959041132559e+03
1.823524108286841965e+03
1.926944721539517559e+03
1.998309047001211411e+03
2.121575553776725883e+03
2.208254483730909669e+03
2.282341125472747080e+03
2.381347390148314844e+03
2.439289229199929196e+03
2.532612688159580557e+03
2.592477568870844607e+03
2.659722105995695983e+03
2.704164851958491909e+03
2.769761467703732706e+03
2.843093952213291232e+03
2.907146124083214545e+03
2.998603842309051288e+03
3.017176402460866484e+03
3.113273084398686478e+03
3.176269365289293546e+03
3.265255198392593229e+03
3.314738435265030603e+03
3.365703779836326248e+03
3.474843662708864485e+03
3.586926118490638146e+03
3.665039885442344712e+03
3.674897854961773191e+03
3.802325762160930026e+03
3.831783440256052018e+03
3.902523816209163670e+03
3.942596330388501883e+03
3.981487150794690024e+03
4.090892262384893002e+03
4.214791178572682838e+03
4.273196432586695664e+03
4.279353838278448166e+03
4.421893627486582773e+03
4.446865388992828230e+03
4.540256383200776327e+03
4.591793125236832566e+03
4.635424730668634766e+03
4.765495554107594216e+03
4.912011902573541192e+03
4.974272009957314367e+03
5.032999512117305130e+03
5.166640533653298917e+03
5.277824606757943002e+03
5.397612251239685975e+03
5.477850198613529756e+03
5.532457748170907507e+03
5.673812816401830787e+03
5.786066965030526262e+03
5.876191951428513676e+03
5.968223352519155924e+03
6.014666412345309254e+03
6.117756097726703956e+03
6.207389338278036121e+03
6.285955820294273508e+03
6.292452313856599176e+03
6.370406328141636550e+03
6.417863340403455368e+03
6.539661309605028691e+03
6.637396970566584059e+03
6.644016049849787123e+03
6.752477562040926387e+03
6.824963927366260577e+03
6.933072868958223808e+03
6.912781344349536084e+03
6.943092680217334419e+03
7.023948023871569603e+03
7.110853743106606998e+03
7.216055140759048300e+03
7.213319224026347911e+03
7.314636927060088965e+03
7.327687962198671812e+03
7.428652104895674711e+03
7.396463700740611785e+03
7.411836666313442038e+03
7.506782689716421373e+03
7.541533542791697982e+03
7.677776923923809591e+03
7.668374840693103579e+03
7.767837103648622360e+03
7.803743649262969484e+03
7.897077360310400763e+03
7.946413085290535491e+03
7.973157930658559053e+03
8.070297493897400273e+03
8.110293128031422384e+03
8.246764705587809658e+03
8.251350558504858782e+03
8.341349021345862639e+03
8.383746412121054163e+03
8.445073979044518637e+03
8.551504161815364569e+03
8.554103122917114888e+03
8.661959974593932202e+03
8.695093919960987478e+03
8.843463208936202136e+03
8.896414346378600385e+03
8.969292941055153278e+03
9.020434875598941289e+03
9.077714724906998526e+03
9.205436474598658606e+03
9.216737141544974293e+03
9.324727659823522117e+03
9.376565374058940506e+03
9.502021520386635530e+03
9.629912072223787618e+03
9.689025216564770744e+03
9.788689802122738911e+03
9.813962221704628973e+03
9.965813198385552823e+03
9.977084994200051369e+03
1.009035103296009402e+04
1.012709078467923973e+04
1.022125352467632547e+04
1.036604281264380916e+04
1.037658236686479540e+04
1.048291854071855778e+04
1.044573760766127816e+04
1.055115875536660315e+04
1.052484012613217965e+04
1.058777071472833268e+04
1.057105690619196866e+04
1.061212163252080063e+04
1.075100319618760295e+04
1.072008254672465409e+04
1.081275612589153025e+04
1.076991189083008248e+04
1.084839742507336996e+04
1.089318443446670790e+04
1.088705124513566807e+04
1.091596775591529149e+04
1.094249563014543492e+04
1.107254486440461187e+04
1.105398604479174901e+04
1.116347441485502713e+04
1.113566610894228688e+04
1.119813565639540866e+04
1.126387022810955750e+04
1.123678137073634207e+04
1.129861281231052817e+04
1.130000063422262610e+04
1.137268069669904617e+04
1.140770775827779289e+04
1.146704859382592622e+04
1.147338072963970444e+04
1.149315143304465892e+04
1.156940743932639270e+04
1.153996344298364056e+04
1.162225743268649785e+04
1.158357922028592657e+04
1.171211364124708598e+04
1.175342987488757171e+04
1.182177086619765396e+04
1.184814177027007463e+04
1.184503320015309146e+04
1.194404393026929392e+04
1.191832121588637710e+04
1.199579200418406617e+04
1.201209081498167143e+04
1.213921869400001560e+04
1.223565063348761942e+04
1.227268495822933619e+04
1.233011861525257154e+04
1.232290132272364099e+04
1.243378176771582002e+04
1.240534169406737783e+04
1.248401938530088773e+04
1.249293019351896510e+04
1.261221593819460031e+04
1.270119180297534513e+04
1.272881876846649720e+04
1.280793501484423905e+04
1.278679932931400981e+04
1.286439234646822297e+04
1.286879267945952233e+04
1.292663902529999177e+04
1.295588845534348002e+04
1.303711295152741695e+04
1.308681674576760270e+04
1.309278223875020194e+04
1.317857799318429898e+04
1.314365851878544527e+04
1.320191588221612255e+04
1.320362319275253139e+04
1.325210105602820840e+04
1.327961214351011586e+04
1.328023078098165934e+04
1.330960904817739720e+04
1.328803629524223834e+04
1.334337964532705882e+04
1.330692262191774535e+04
1.331563558666172321e+04
1.331508174556497761e+04
1.335009838549490814e+04
