3.228757839711196349e-06
2.554588252815161530e-05
5.187745334234632004e-05
6.466468652550212660e-05
6.897088412766640858e-05
6.976898379746475788e-05
6.906658976175763793e-05
6.732531836226880858e-05
6.473922479324564099e-05
6.247191842713841013e-05
6.201103743948431957e-05
6.237311834035821792e-05
6.244732410836332365e-05
6.209258467522838583e-05
6.144687653783033646e-05
6.069238488068364661e-05
6.001415903843914117e-05
5.950665472082038095e-05
5.915280193817470537e-05
5.890001530601661500e-05
5.871122696934186788e-05
5.857809979560279877e-05
5.851936630371855862e-05
5.855764407095110860e-05
5.867964485800941014e-05
5.883489362955041666e-05
5.900087934609088810e-05
5.922087719488684267e-05
5.953287188293189205e-05
5.990388819818406765e-05
6.031380134890252157e-05
6.056866197854191550e-05
6.103266285685329681e-05
6.140606381314231226e-05
6.167798536013974090e-05
6.187591095970849096e-05
6.203382935577514401e-05
6.218661148525874002e-05
6.236283139955148237e-05
6.257527592305758509e-05
6.282458796699805345e-05
6.310927478745760784e-05
6.342687780773475668e-05
6.376993792824145382e-05
6.412830589490353022e-05
6.449680582130936561e-05
6.487619272802923505e-05
6.526745477409232347e-05
6.566387362629062439e-05
6.605653696469848712e-05
6.644776177375613137e-05
6.685005364912700962e-05
6.727537893274231670e-05
6.773205953534659079e-05
6.822323207333032074e-05
6.874039541424032751e-05
6.926873786872055256e-05
6.980230007008726093e-05
7.034567094946051922e-05
7.090514831073680595e-05
7.148442835627586030e-05
7.208955760774283703e-05
7.273055485650391271e-05
7.341843103890759083e-05
7.415402553042398852e-05
7.491925185844550876e-05
7.569416633133857876e-05
7.647842734567117438e-05
7.728768044252371742e-05
7.812911247390032091e-05
7.899825738404446171e-05
7.988232269192396839e-05
8.077138316945119492e-05
8.167385046309656889e-05
8.260022594255050552e-05
8.355453425401951665e-05
8.454476965400302825e-05
8.559637865041732079e-05
8.674076775285831755e-05
8.799084917616561280e-05
8.932941847939643808e-05
9.070717440809062814e-05
9.207278284498085193e-05
9.342684619728903420e-05
9.481281580251870518e-05
9.626118330644805612e-05
9.777114428760018806e-05
9.931226925976530942e-05
1.008514097405048722e-04
1.024034367406719497e-04
1.040216590265537053e-04
1.057275225562760137e-04
1.075166326008854853e-04
1.093886641868382632e-04
1.113659583452960395e-04
1.134427364036097517e-04
1.155476987619683145e-04
1.176342559575468705e-04
1.197027170402050844e-04
1.217812638537635908e-04
1.239256946482999717e-04
1.261958046528337100e-04
1.286678663026653250e-04
1.313412201051109647e-04
1.341330118674444844e-04
1.369843497090712325e-04
1.399231344420187920e-04
1.430116423395761587e-04
1.462437460927068782e-04
1.495364126283395636e-04
1.528877446255123612e-04
1.563248612097098314e-04
1.598860817210299339e-04
1.636842621917477376e-04
1.677391231299751840e-04
1.719527861239238608e-04
1.762480352677786577e-04
1.806269502079277237e-04
1.852541625094706549e-04
1.904125251214830190e-04
1.962234335469255548e-04
2.025073928302747561e-04
2.089910559850093584e-04
2.156341989484147383e-04
2.226650767636072811e-04
2.301374420234042571e-04
2.379885845266400480e-04
2.462239777440732632e-04
2.547856039395504364e-04
2.634141190999684493e-04
2.716420946282054440e-04
2.794390491965525721e-04
2.870721120364819580e-04
2.945037804233430244e-04
3.018069888522733430e-04
3.092054257935238711e-04
3.168177135848582486e-04
3.249958708401458861e-04
3.340420450696833347e-04
3.440220660485184684e-04
3.548117168246291836e-04
3.659198351958945720e-04
3.767913276598414433e-04
3.876014584007427704e-04
3.989623070079583822e-04
4.113558134064097946e-04
4.251405505505137733e-04
4.400513553289414062e-04
4.551730342646607844e-04
4.700125490179084590e-04
4.847594317036272985e-04
4.993405763263272920e-04
5.140322602308389265e-04
5.297044797888412343e-04
5.461960527658141652e-04
5.628353271303621064e-04
5.792781910058693437e-04
5.957685650664385109e-04
6.123923205922650976e-04
6.294681243102890570e-04
6.473394013249520341e-04
6.660477596194989362e-04
6.858506285970600389e-04
7.069202553132075207e-04
7.290066391214320264e-04
7.517307057790840888e-04
7.750416277569076220e-04
7.987279360444915358e-04
8.227321879340977100e-04
8.473132682205462883e-04
8.731070467118003629e-04
9.006355557236387635e-04
9.297111698616166917e-04
9.600022231230150201e-04
9.914502592695880606e-04
1.023973305514376672e-03
1.057791128907248140e-03
1.093337837005736637e-03
1.130666309312143396e-03
1.169417303450287536e-03
1.208748285557500329e-03
1.247658281436895070e-03
1.285339710293132180e-03
1.321379883056604965e-03
1.355585666865657827e-03
1.388061061035589022e-03
1.419808962323157193e-03
1.451737897079563881e-03
1.484252201418012184e-03
1.517597873188832958e-03
1.552240773661812219e-03
1.589009371599901408e-03
1.627993881512560751e-03
1.668365952875307517e-03
1.708920554125880221e-03
1.748233965413437856e-03
1.785190013539986490e-03
1.819465961112991421e-03
1.851165272804655270e-03
1.880570201320064597e-03
1.908209545920610704e-03
1.935064104051358036e-03
1.962531906510138653e-03
1.992330729913914956e-03
2.025809571023174001e-03
2.063793252483728767e-03
2.107096442498160218e-03
2.156435323545457736e-03
2.212094614859608493e-03
2.273688748256630539e-03
2.340217228608075517e-03
2.410324791599486628e-03
2.482383837783821816e-03
2.555080674809195006e-03
2.627272718998443189e-03
2.697623951599915741e-03
2.765016291916733322e-03
2.829032732678820813e-03
2.889700795654027727e-03
2.947059125129756086e-03
3.000981523880154322e-03
3.051290208823201691e-03
3.098226781794748228e-03
3.142435263571368570e-03
3.184639954108366491e-03
3.225554593775541157e-03
3.265699221197904123e-03
3.305264090830961708e-03
3.344283900849463580e-03
3.382803911976746056e-03
3.420957334084772077e-03
3.458781390613029950e-03
3.496182805053814867e-03
3.533034568171945257e-03
3.569340957626742066e-03
3.605197444404007173e-03
3.640416675614312376e-03
3.674462086695303581e-03
3.706633331394880264e-03
3.736211052936025921e-03
3.762496011576195454e-03
3.784941454522134339e-03
3.803383709839419039e-03
3.818166672769328536e-03
3.829960675603164867e-03
3.839311173250149235e-03
3.846469719810073455e-03
3.851716481505178865e-03
3.855961815922855085e-03
3.860927795603154647e-03
3.868479134486950410e-03
3.879953816257785543e-03
3.896076278893475207e-03
3.917359712829556265e-03
3.944276369002007801e-03
3.977315171895944891e-03
4.016829172538306965e-03
4.062894287195330939e-03
4.115187362834392924e-03
4.173018192312829416e-03
4.235531031205282126e-03
4.302091918868076320e-03
4.372265580537026616e-03
4.445589509398935150e-03
4.521467137391063304e-03
4.599130915222871333e-03
4.677449017525050178e-03
4.754684601799039761e-03
4.828847055831766988e-03
4.898418573473293028e-03
4.962611563738665577e-03
5.020798863086269048e-03
5.072101689695203593e-03
5.115350741261855128e-03
5.149335737279408208e-03
5.172767366675354132e-03
5.184416437141607485e-03
5.183507810260122410e-03
5.169824179228747242e-03
5.143528582817183045e-03
5.105093886132017374e-03
5.055172488691821522e-03
4.994419665767775053e-03
4.923321585146238355e-03
4.842139869777842276e-03
4.750975536255560953e-03
4.650018592658426361e-03
4.539948536782039204e-03
4.422055008338547991e-03
4.297896414185898954e-03
4.168938170049396076e-03
4.036593236082041715e-03
3.902123405461859363e-03
3.766710689193248848e-03
3.631689765305552448e-03
3.498308749949297861e-03
3.367502130506383560e-03
3.239565671232071467e-03
3.114043731765041723e-03
2.990170752587823985e-03
2.867708868941863838e-03
2.746959016669310669e-03
2.628079108495998822e-03
2.510897963612800446e-03
2.395284491593592784e-03
2.281258564012647767e-03
2.169211964246875804e-03
2.059610755088436568e-03
1.952858441358180279e-03
1.849193208150302177e-03
1.748592313162895991e-03
1.650650366185768807e-03
1.555086311644849478e-03
1.462459850233307958e-03
1.373089665371970275e-03
1.286374192870247402e-03
1.201712602975435387e-03
1.118470834138167056e-03
1.036270360738403935e-03
9.546752216012520951e-04
8.732104294559534614e-04
7.912802564074615606e-04
7.081496506293133777e-04
6.238520219958244763e-04
5.395153241261449375e-04
4.577556912279621406e-04
3.813297120802480321e-04
3.123662193332723668e-04
3.259443059211945132e-04
2.325679969814125041e-04
1.590463566783120839e-04
1.195487887754537946e-04
6.499784428112796177e-05
2.906003057976311028e-05
6.159119945896142928e-06
4.684022913021524765e-06
3.508719207359849954e-06
2.590489962681637719e-06
1.881418414275117134e-06
1.343014225208763056e-06
9.416336724804192746e-07
6.497533899805976715e-07
4.387886252773202434e-07
2.877941270170360562e-07
1.829164088703886823e-07
1.130695377444998015e-07
6.864797548946784425e-08
4.047075737713051837e-08
2.368398338049970694e-08
1.410459558751575315e-08
8.294524671581718569e-09
5.157548325940030510e-09
