0.000000000000000000e+00
2.600000000000000000e+01
5.200000000000363798e+01
7.800000000000363798e+01
1.040000000000000000e+02
1.300000000000000000e+02
1.560000000000000000e+02
1.820000000000000000e+02
2.080000000000000000e+02
2.340000000000000000e+02
2.600000000000000000e+02
2.860000000000036380e+02
3.120000000000036380e+02
3.380000000000000000e+02
3.640000000000000000e+02
3.900000000000036380e+02
4.160000000000000000e+02
4.420000000000000000e+02
4.680000000000000000e+02
4.940000000000036380e+02
5.200000000000036380e+02
5.460000000000036380e+02
5.720000000000036380e+02
5.980000000000036380e+02
6.240000000000036380e+02
6.500000000000000000e+02
6.760000000000000000e+02
7.020000000000000000e+02
7.280000000000036380e+02
7.540000000000036380e+02
7.800000000000036380e+02
8.060000000000036380e+02
8.320000000000036380e+02
8.580000000000000000e+02
8.840000000000000000e+02
9.100000000000000000e+02
9.360000000000036380e+02
9.620000000000036380e+02
9.880000000000036380e+02
1.014000000000003638e+03
1.040000000000003638e+03
1.066000000000003638e+03
1.092000000000003638e+03
1.118000000000000000e+03
1.144000000000000000e+03
1.170000000000003638e+03
1.196000000000003638e+03
1.222000000000003638e+03
1.248000000000003638e+03
1.274000000000003638e+03
1.300000000000003638e+03
1.326000000000003638e+03
1.352000000000000000e+03
1.378000000000000000e+03
1.404000000000003638e+03
1.430000000000007276e+03
1.456000000000007276e+03
1.482000000000003638e+03
1.508000000000003638e+03
1.534000000000003638e+03
1.560000000000003638e+03
1.586000000000003638e+03
1.612000000000003638e+03
1.638000000000000000e+03
1.664000000000003638e+03
1.690000000000003638e+03
1.716000000000007276e+03
1.742000000000007276e+03
1.768000000000003638e+03
1.794000000000003638e+03
1.820000000000003638e+03
1.846000000000003638e+03
1.872000000000003638e+03
1.898000000000000000e+03
1.924000000000003638e+03
1.950000000000003638e+03
1.976000000000003638e+03
2.002000000000003638e+03
2.028000000000003638e+03
2.054000000000003638e+03
2.080000000000003638e+03
2.106000000000000000e+03
2.132000000000000000e+03
2.158000000000000000e+03
2.184000000000003638e+03
2.210000000000003638e+03
2.236000000000003638e+03
2.262000000000003638e+03
2.288000000000003638e+03
2.314000000000003638e+03
2.340000000000000000e+03
2.366000000000000000e+03
2.392000000000000000e+03
2.418000000000000000e+03
2.444000000000003638e+03
2.470000000000003638e+03
2.496000000000003638e+03
2.522000000000003638e+03
2.548000000000000000e+03
2.574000000000000000e+03
2.600000000000000000e+03
2.626000000000000000e+03
2.652000000000000000e+03
2.678000000000000000e+03
2.704000000000000000e+03
2.730000000000003638e+03
2.756000000000003638e+03
2.782000000000003638e+03
2.808000000000000000e+03
2.834000000000000000e+03
2.860000000000000000e+03
2.886000000000000000e+03
2.912000000000000000e+03
2.938000000000000000e+03
2.964000000000000000e+03
2.990000000000000000e+03
3.016000000000003638e+03
3.042000000000003638e+03
3.068000000000000000e+03
3.094000000000000000e+03
3.120000000000000000e+03
3.146000000000000000e+03
3.172000000000000000e+03
3.198000000000000000e+03
3.224000000000000000e+03
3.250000000000000000e+03
3.276000000000000000e+03
3.302000000000000000e+03
3.328000000000003638e+03
3.354000000000003638e+03
3.380000000000000000e+03
3.406000000000000000e+03
3.432000000000000000e+03
3.458000000000000000e+03
3.484000000000000000e+03
3.510000000000000000e+03
3.536000000000000000e+03
3.562000000000000000e+03
3.588000000000000000e+03
3.614000000000003638e+03
3.640000000000003638e+03
3.666000000000000000e+03
3.692000000000000000e+03
3.718000000000000000e+03
3.744000000000000000e+03
3.770000000000000000e+03
3.796000000000000000e+03
3.822000000000000000e+03
3.848000000000000000e+03
3.874000000000003638e+03
3.900000000000003638e+03
3.926000000000003638e+03
3.952000000000000000e+03
3.978000000000000000e+03
4.004000000000000000e+03
4.030000000000003638e+03
4.056000000000000000e+03
4.082000000000000000e+03
4.108000000000000000e+03
4.134000000000000000e+03
4.160000000000000000e+03
4.186000000000003638e+03
4.212000000000003638e+03
4.238000000000003638e+03
4.264000000000003638e+03
4.290000000000003638e+03
4.316000000000003638e+03
4.342000000000003638e+03
4.368000000000003638e+03
4.394000000000000000e+03
4.420000000000000000e+03
4.446000000000000000e+03
4.472000000000003638e+03
4.498000000000003638e+03
4.524000000000003638e+03
4.550000000000003638e+03
4.576000000000003638e+03
4.602000000000003638e+03
4.628000000000003638e+03
4.654000000000003638e+03
4.680000000000003638e+03
4.706000000000000000e+03
4.732000000000000000e+03
4.758000000000000000e+03
4.784000000000003638e+03
4.810000000000003638e+03
4.836000000000007276e+03
4.862000000000007276e+03
4.888000000000007276e+03
4.914000000000003638e+03
4.940000000000003638e+03
4.966000000000003638e+03
4.992000000000003638e+03
5.018000000000000000e+03
5.044000000000000000e+03
5.070000000000000000e+03
5.095999999999996362e+03
5.121999999999996362e+03
5.148000000000000000e+03
5.174000000000007276e+03
5.200000000000007276e+03
5.226000000000000000e+03
5.252000000000000000e+03
5.278000000000000000e+03
5.304000000000000000e+03
5.330000000000007276e+03
5.356000000000000000e+03
5.382000000000000000e+03
5.407999999999996362e+03
5.433999999999996362e+03
5.460000000000000000e+03
5.486000000000000000e+03
5.512000000000000000e+03
5.538000000000000000e+03
5.564000000000000000e+03
5.590000000000000000e+03
5.616000000000000000e+03
5.642000000000000000e+03
5.668000000000000000e+03
5.694000000000000000e+03
5.720000000000000000e+03
5.745999999999996362e+03
5.771999999999996362e+03
5.798000000000000000e+03
5.824000000000000000e+03
5.850000000000007276e+03
5.876000000000000000e+03
5.902000000000000000e+03
5.928000000000000000e+03
5.954000000000000000e+03
