8.926785535678563033e-01
5.000000000000000000e-01
1.145643923738959957e+00
1.023169096484056295e+00
6.123724356957944703e-01
6.123724356957944703e-01
7.395099728874520162e-01
1.250000000000000000e+00
1.082531754730548412e+00
1.600781059358212133e+00
1.750000000000000000e+00
1.750000000000000000e+00
2.150581316760656669e+00
2.534141866589161740e+00
2.923503890881625100e+00
4.077376607575022405e+00
4.776243293635699771e+00
5.303300858899106629e+00
5.601339125602019742e+00
6.015604707757982617e+00
6.174544517614234174e+00
6.082762530298219339e+00
5.726855594477653355e+00
5.448623679425842248e+00
5.350233639758173787e+00
5.086747487343950880e+00
4.865375114007140844e+00
4.802343178074636398e+00
5.715931682586838036e+00
6.137741848595458904e+00
6.868178433908076919e+00
7.461358790461694035e+00
8.162413858657254551e+00
8.720485938294952888e+00
9.099278817576697875e+00
9.493418773023762469e+00
1.011805317242403035e+01
1.126041184859594679e+01
1.168866972756095990e+01
1.206946042704478117e+01
1.217772043528672832e+01
1.267625733408721800e+01
1.339951025224429593e+01
1.360606482418777752e+01
1.362213272582527779e+01
1.404624060024603160e+01
1.473675252557360338e+01
1.526587288693312772e+01
1.503537495375489463e+01
1.483818974807910962e+01
1.457469982538233921e+01
1.482976314713084065e+01
1.488025117395536512e+01
1.521666438481180350e+01
1.515338246069173778e+01
1.537042614893939785e+01
1.515338246069173778e+01
1.502237913913771550e+01
1.494155279748393461e+01
1.491014755124844449e+01
1.502237913913771550e+01
1.481289556433852717e+01
1.465008532398361218e+01
1.444547939668323977e+01
1.444547939668323977e+01
1.432000349161968522e+01
1.400446357416091736e+01
1.397095200764786860e+01
1.388794441233114973e+01
1.372213084764899094e+01
1.379537966132139459e+01
1.365363962465686321e+01
1.365821639160838608e+01
1.354621718414406573e+01
1.330883165420616443e+01
1.270519086830260846e+01
1.221871003829782332e+01
1.160818676624390022e+01
1.140997370724402593e+01
1.091730278044902391e+01
1.080726029111911402e+01
1.062647048647856529e+01
1.041858315703243854e+01
1.003431612019473818e+01
9.952229649681521906e+00
9.977318026403688478e+00
9.736368676257077581e+00
9.768412102281516241e+00
9.768412102281516241e+00
9.460443964212251089e+00
9.633113463465486248e+00
9.529559276272959067e+00
9.529559276272959067e+00
9.337424698491549435e+00
9.515612171584127310e+00
9.387491677759292941e+00
9.387491677759292941e+00
9.387491677759292941e+00
9.233092656309693780e+00
9.282880748991662045e+00
9.233092656309693780e+00
9.233092656309693780e+00
9.276145481825951222e+00
9.239859306288163765e+00
9.113005815865586001e+00
9.239859306288163765e+00
9.147233188237850143e+00
9.147233188237850143e+00
8.988708194173398169e+00
9.030330835578505244e+00
9.006941767325910675e+00
9.006941767325910675e+00
8.909264840602730828e+00
8.909264840602730828e+00
8.909264840602730828e+00
8.972179222463180892e+00
8.972179222463180892e+00
8.904879280484379933e+00
9.037249304959999563e+00
9.037249304959999563e+00
9.031195934094220945e+00
8.831760866327847737e+00
9.030330835578505244e+00
8.831760866327847737e+00
9.119861566931813712e+00
8.777634932030380810e+00
8.728545125048045250e+00
8.728545125048045250e+00
8.583232200051446270e+00
8.391774246248525415e+00
8.241472865938465731e+00
8.100925873009824585e+00
7.909646009778187548e+00
7.762087348130012110e+00
7.419358125875850085e+00
7.153451963912248246e+00
7.088723439378912694e+00
6.748842493346543847e+00
6.619101147436863286e+00
6.619101147436863286e+00
6.493987603930269081e+00
6.289872812704562222e+00
6.087897830942960553e+00
5.962120008855910314e+00
5.841660722773961645e+00
5.556527692723217449e+00
5.560744104883806216e+00
5.645794895318107187e+00
5.236590016413352977e+00
5.117372372614680032e+00
5.037360419902471520e+00
4.860555523805895284e+00
4.735174231218953089e+00
4.735174231218953089e+00
4.616546328154846890e+00
4.519056870631304790e+00
4.527692569068708650e+00
4.527692569068708650e+00
4.308421984903521462e+00
4.292071178347349303e+00
4.308421984903521462e+00
4.203792930200059175e+00
3.680607966083864202e+00
3.881043674065006055e+00
3.577272005313546277e+00
3.372684390808010413e+00
3.082207001484488007e+00
2.902046691560975056e+00
2.792288487961084531e+00
2.630945647481148342e+00
2.423839928708164670e+00
2.274175674832531691e+00
2.161452058223822803e+00
2.072890493972125103e+00
1.887458608817687455e+00
1.785357107135712607e+00
1.916213714594486417e+00
1.767766952966368876e+00
1.883314896664920468e+00
2.015564437074637283e+00
1.837117307087383633e+00
2.076655965729518716e+00
1.980372439719357391e+00
1.968501968502952781e+00
1.968501968502952781e+00
2.193741096848030647e+00
2.150581316760656669e+00
2.355180460177096702e+00
2.250000000000000000e+00
2.459039446613250135e+00
2.274175674832531691e+00
2.407670035532277986e+00
2.345207879911714866e+00
2.512468905280222486e+00
2.512468905280222486e+00
2.692582403567251870e+00
2.880429655450728266e+00
2.893959225697556370e+00
3.112474899497183145e+00
2.986950786337130292e+00
3.250000000000000000e+00
3.482097069296029801e+00
3.674234614174767266e+00
3.747916087641237404e+00
3.856812155135378006e+00
4.100304866714181706e+00
4.188899020029009712e+00
4.308421984903521462e+00
4.308421984903521462e+00
4.555216789572149594e+00
4.763139720814412392e+00
4.763139720814412392e+00
4.878204075271963980e+00
5.128047874191503652e+00
5.128047874191503652e+00
5.377906191074738551e+00
5.505678886386309756e+00
5.511351921262150455e+00
5.638871784319980485e+00
5.888282856656938513e+00
6.020797289396147889e+00
5.888282856656938513e+00
6.046693311223911849e+00
6.294839156007085990e+00
6.188446897243281342e+00
6.228713751650496455e+00
6.373774391990981059e+00
6.474710418234934650e+00
6.619101147436863286e+00
6.619101147436863286e+00
6.670832032063167105e+00
6.914658342969665306e+00
6.914658342969665306e+00
6.822527024497594184e+00
7.065541380531289661e+00
7.219764539096825473e+00
7.127192645074216237e+00
