4.560693202259058054e+00
4.104396492203044922e+00
1.233012702910669134e+01
1.109618594498251376e+01
1.055457730839467878e+01
2.482735541827124859e+00
4.059855884163140693e+00
1.178570801210578445e+01
9.713435401219358667e+00
1.263709579973243891e+01
1.165453794929166698e+01
1.657412479491626556e+01
2.118430394347202395e+01
2.748842659489573137e+01
2.278934951133600961e+01
3.675014004001288015e+01
4.501395668562901164e+01
3.350424347801582314e+01
4.224842194804563178e+01
4.878565305932930585e+01
5.744787878892862665e+01
5.861775811215140664e+01
6.493591788954479682e+01
5.960341166794155043e+01
8.616143597871250392e+01
9.196727604422324021e+01
8.975568830743077342e+01
9.822663162133775927e+01
1.133844444166784484e+02
1.334520273323023787e+02
1.558913544314870023e+02
1.693440806398057248e+02
1.829515703405113527e+02
2.147524237155406581e+02
2.255042235978293661e+02
2.528908990700047923e+02
2.605616994208643291e+02
2.858274422938177963e+02
2.969712264863463815e+02
3.212576218175428266e+02
3.308429215035044990e+02
3.206549156655015054e+02
3.432069911970741032e+02
3.321173328767397379e+02
3.394844930212967711e+02
3.267730048092818151e+02
3.237179438073403617e+02
3.064481865962211486e+02
3.054423555597863924e+02
3.241261025669457467e+02
2.665857655158268358e+02
2.563030008260708428e+02
2.202943059161168264e+02
2.411086873315988726e+02
2.113725476735273787e+02
2.163049380884476705e+02
2.059484552248735554e+02
1.998035272114483121e+02
2.278047616445195160e+02
2.380796430693175409e+02
2.814713489961570758e+02
2.890369986496367005e+02
3.042890645020124225e+02
2.920110590719782522e+02
3.244749405446933110e+02
3.419777910749021999e+02
3.722206020994765368e+02
3.552515445766961193e+02
3.524753224396280302e+02
3.986390323616745945e+02
3.839201663580183777e+02
3.666378626287246902e+02
3.289244657482763614e+02
3.179772970748050511e+02
3.271583969265792007e+02
3.672704692625595158e+02
3.183251851065566598e+02
3.006199453726489992e+02
3.233575920733052840e+02
2.958906841883263041e+02
3.049848413098241622e+02
2.675767587159915593e+02
2.445281319322664046e+02
2.697895755554819743e+02
2.918869392366167403e+02
2.762577595724889079e+02
2.780500765520155824e+02
2.760823143271467188e+02
2.516951235472734822e+02
2.557368311239468426e+02
2.489960383703058824e+02
2.228059546343774571e+02
2.290429829467501861e+02
2.191909773176004137e+02
2.187374603958822661e+02
2.093252512697425232e+02
1.737464583767798274e+02
1.569569192221995593e+02
1.342680810206456385e+02
1.478538025641570357e+02
1.319775264135747364e+02
1.537422837047968756e+02
1.307223994476607061e+02
1.225971045588872528e+02
1.511993499555840117e+02
1.729855567100630367e+02
2.088508870084472449e+02
2.164497970903060775e+02
2.410120851145500751e+02
2.443274677537116872e+02
2.710583584610510002e+02
2.741134252064169345e+02
2.613462620522971633e+02
2.833928396846102942e+02
3.279767403405130040e+02
3.346297357036608560e+02
3.515067324888111102e+02
3.516324983747343254e+02
3.495989849548210486e+02
3.737665370719915359e+02
3.722465270538151572e+02
3.550024545152925270e+02
3.700877526550945049e+02
3.842855584774690669e+02
3.865128536459952784e+02
3.933684518663650920e+02
3.732943028133262828e+02
3.609497991928752754e+02
3.631010819190236703e+02
3.639419891077862985e+02
3.533653008948527372e+02
3.444990240278138458e+02
3.526385354399396874e+02
3.430343884444816922e+02
3.528673104747725802e+02
3.235415499226060092e+02
3.212643002117825972e+02
3.235868300739680876e+02
3.297895040837053671e+02
3.299240038632996743e+02
3.164618254144247658e+02
3.225782626331169922e+02
3.121679883904049007e+02
3.212568420093780333e+02
2.967948623982408662e+02
2.972275529012786706e+02
3.091827276043948132e+02
3.191157755116315684e+02
3.152610658627569364e+02
3.066765928947149860e+02
2.826708367405757372e+02
2.971251643912733016e+02
2.872087230911636198e+02
2.716141835520799646e+02
2.631375173485240566e+02
2.621299145158551482e+02
2.607494738104560952e+02
2.436424559010505675e+02
2.080621263138146446e+02
1.938589243406685796e+02
2.135565927404763329e+02
2.018841271167225671e+02
2.129127088985156036e+02
1.883081701160198520e+02
2.019034444891333635e+02
2.097478211956689620e+02
2.293555528581894976e+02
2.087287499096592285e+02
2.412358468379414091e+02
2.630597374884526971e+02
2.764739348642708592e+02
2.862824640862432375e+02
2.831987064501298619e+02
2.983210273632259373e+02
3.074564060350692216e+02
3.442755060507438429e+02
3.150122420275579316e+02
3.566036048692155305e+02
3.512503925627032686e+02
3.550132564131875483e+02
3.457335277403572036e+02
3.462652123524161993e+02
3.444344064877441269e+02
3.534336862342962036e+02
3.904721406739888607e+02
3.407662925232276052e+02
4.031228382228039777e+02
3.834477060390069028e+02
3.871141303516977246e+02
3.925415489677566256e+02
3.875310043435044918e+02
4.141664275095577636e+02
4.302819886324283516e+02
4.819483856591212998e+02
4.321193731098076114e+02
4.924040520249462816e+02
4.875964849922050917e+02
5.033434199598927989e+02
5.223818310418254214e+02
4.965068710539311496e+02
5.357129245579734516e+02
5.312513248299047746e+02
5.557175875136522336e+02
5.047585065009018876e+02
5.404923059437044230e+02
5.444830432993280738e+02
5.464602885371679122e+02
5.727059425754699760e+02
5.432456613657683420e+02
5.657181054442396544e+02
5.580111577262432547e+02
5.609312995369333521e+02
5.308620922040790902e+02
5.491373768034748082e+02
5.680960727431245232e+02
5.684285378615317086e+02
6.038049676221393156e+02
5.842543813369650252e+02
6.105654335991113157e+02
6.084168953165660696e+02
6.133991242001055753e+02
6.111324100532601733e+02
6.101014390660012623e+02
6.609302575884896669e+02
6.484527622710979813e+02
6.801381672809037582e+02
6.704133415565808036e+02
6.751525660099938477e+02
6.935440610475351377e+02
6.795468357202610150e+02
