9.111423160941044359e-07
1.555909611468431910e-06
2.139676466527432591e-06
2.217836215408412123e-06
2.358503682728029866e-06
2.555696080602832624e-06
2.585120715003226245e-06
2.387488951987114256e-06
2.055089051181421553e-06
1.749868388695123161e-06
1.571575044567364707e-06
1.408044768822448331e-06
1.292456450387200896e-06
1.291866984635360213e-06
1.377566938471918348e-06
1.487807181691092776e-06
1.600885816293431060e-06
1.739959636226380329e-06
1.918273693250160686e-06
2.098763962416736458e-06
2.218982913244223329e-06
2.258409486432317304e-06
2.266086341992263204e-06
2.306008884661888554e-06
2.393973510220254946e-06
2.490588787198396726e-06
2.544417060590530822e-06
2.540715566252687728e-06
2.512831770445753362e-06
2.511158398873864258e-06
2.557607210429745112e-06
2.611263038359662743e-06
2.654241388523008257e-06
2.675586553535551915e-06
2.690556505005207771e-06
2.708961128166961041e-06
2.736468927060191872e-06
2.777501915464054988e-06
2.830992861180222270e-06
2.890078526708319764e-06
2.951929250341627945e-06
3.024609535527968114e-06
3.119645990271255020e-06
3.239274379585646174e-06
3.375425944085151794e-06
3.520728162872030482e-06
3.673739441693741904e-06
3.834216676146626906e-06
3.992282686008792164e-06
4.136232191061405529e-06
4.270511759232691820e-06
4.413113322481828745e-06
4.581491461306859216e-06
4.789843520380290449e-06
5.044580814397684529e-06
5.329632724999804115e-06
5.615256292166410316e-06
5.885099386524364097e-06
6.143526540397880020e-06
6.406196763249803543e-06
6.689238685065061326e-06
7.006645428125090682e-06
7.371302131600664360e-06
7.789172913947267648e-06
8.242214080622395451e-06
8.685067374575827071e-06
9.082276230307237291e-06
9.441246197934421438e-06
9.797942237002457708e-06
1.017736140041680788e-05
1.058407531989755503e-05
1.100219169504927480e-05
1.141202920157824367e-05
1.180782292515246412e-05
1.217543981420820000e-05
1.250075985826174133e-05
1.278699134262554216e-05
1.306148767638570152e-05
1.335264266436955162e-05
1.367005408902125078e-05
1.402752919802566784e-05
1.443501348378351200e-05
1.486157302503129704e-05
1.526001423550785605e-05
1.561689469783078015e-05
1.593662839425587880e-05
1.625083881079483230e-05
1.658370950221875313e-05
1.692222850099718817e-05
1.728073662139049252e-05
1.770341587313204658e-05
1.819027128627085610e-05
1.871893684794567923e-05
1.930272099394792060e-05
1.995842268225744137e-05
2.068671813782874266e-05
2.146759460099907280e-05
2.226612250974239172e-05
2.304622233966821109e-05
2.376876753219856796e-05
2.448898578969830464e-05
2.536940628590587249e-05
2.649859160228474505e-05
2.776008981902359918e-05
2.898014920382599818e-05
3.012232386715073276e-05
3.122396405784240892e-05
3.225573785889636000e-05
3.319629264004030490e-05
3.405713579988847440e-05
3.495335026427417758e-05
3.592023035410047441e-05
3.693718720526345967e-05
3.823474179196703095e-05
3.992588140545508648e-05
4.185126157892018231e-05
4.384026173842352420e-05
4.583766838811030911e-05
4.783216139431757338e-05
4.989967339698323309e-05
5.219695634457202865e-05
5.449840658678231436e-05
5.640486351396351716e-05
5.789498137639950887e-05
5.946931555528303751e-05
6.157664365295796680e-05
6.421998292062327390e-05
6.715978342623944784e-05
7.015100216255464028e-05
7.277069783475438765e-05
7.449687926813456523e-05
7.525268522577227255e-05
7.524060867726556356e-05
7.440804381212390132e-05
7.310583248120513123e-05
7.182001070338732754e-05
7.053415888210483244e-05
6.943286099861606733e-05
6.884192628893382110e-05
6.887442069137381822e-05
6.924331508841046921e-05
6.899347848247480079e-05
6.773864426381170055e-05
6.578240952491815573e-05
6.338139257586289876e-05
6.100840375356712895e-05
5.886850403039869603e-05
5.702130512158490094e-05
5.541567895682923239e-05
5.400555200398848718e-05
5.281863121539153474e-05
5.169414422474306620e-05
5.067818271287667355e-05
4.974346050720132942e-05
4.825954012316741704e-05
4.594383278338317109e-05
4.317169879740063825e-05
4.031089542168492435e-05
3.720919821462624020e-05
3.398059907227514128e-05
3.127273349965947708e-05
3.042001974092736486e-05
3.190999270890206940e-05
3.505317274877910589e-05
3.875417330350837321e-05
4.234059089077455378e-05
4.571339118927228066e-05
4.874895681127706747e-05
5.151554105311204610e-05
5.391749235625850498e-05
5.591788629923699806e-05
5.758290018456228626e-05
5.912731129242854573e-05
6.070712647764632894e-05
6.225946507997485871e-05
6.381337617918328322e-05
6.581067548759273551e-05
6.829730072611283525e-05
7.113876313079520522e-05
7.382237244324733015e-05
7.536966337877602719e-05
7.583300480676643900e-05
7.570514510219278803e-05
7.590576715818716776e-05
7.759971051691173154e-05
8.169521136129960666e-05
8.829337747522261845e-05
9.618291108659093175e-05
1.035444411724274305e-04
1.090572009509931328e-04
1.124152520260778503e-04
1.141527090400912893e-04
1.146062369093102509e-04
1.140977380964476378e-04
1.131341707342822534e-04
1.122845933533168629e-04
1.119104950970183456e-04
1.123790381514948647e-04
1.137195757099609592e-04
1.156797780470356004e-04
1.183133884085585614e-04
1.219063483323118961e-04
1.264113595244583472e-04
1.313415297027981869e-04
1.362043347490995732e-04
1.408099122916503315e-04
1.452551746915851764e-04
1.495170665614528811e-04
1.533365711802256047e-04
1.565070211547128125e-04
1.590652773394651506e-04
1.612349865911755177e-04
1.631803099816937080e-04
1.650150865658486917e-04
1.669542805801843587e-04
1.692226450409559384e-04
1.718176327689715230e-04
1.746211516095103132e-04
1.772795371138563428e-04
1.790331694065335248e-04
1.794395487499596308e-04
1.789927446822646342e-04
1.788778086190993615e-04
1.802816344617069310e-04
1.838394615775142604e-04
1.893748442328724324e-04
1.962110750463459371e-04
2.035030665938756839e-04
2.104240091497661125e-04
2.163873234033529937e-04
2.210017414128597293e-04
2.239998547751909845e-04
2.253899056414472720e-04
2.253329872747434476e-04
2.238307804040066387e-04
2.208236467310405030e-04
2.161309198460343629e-04
2.094497662188591193e-04
2.007841999227863005e-04
1.906915815597771632e-04
1.799616325875829227e-04
1.689445883524761413e-04
1.576367209650343432e-04
1.461033853395238464e-04
1.345851180483983946e-04
1.236395626433889512e-04
1.142929501734183626e-04
1.077589822472560326e-04
1.045368333798926187e-04
1.040558452200608441e-04
1.053248310610176885e-04
1.079498072986824589e-04
1.121562733199863826e-04
1.180045972729427777e-04
1.250071439421649409e-04
1.322768966388235105e-04
1.386657373395884486e-04
1.430312830659998999e-04
1.446993689004010626e-04
1.435060164225067782e-04
1.397068005981778340e-04
1.342766323313383727e-04
1.287904362636598193e-04
1.247876865578584262e-04
1.231827459183293828e-04
1.241864296124366152e-04
1.274178710686660939e-04
1.319992118780565166e-04
1.371322547152128307e-04
1.424222544803770509e-04
1.477594036982786559e-04
1.529272575605080179e-04
1.573531190232525399e-04
1.604080453179229572e-04
1.618543299471304211e-04
1.617562199340806192e-04
1.602370751667733632e-04
1.574790639240586745e-04
1.539062575500362430e-04
1.500980596649300182e-04
1.466179774930457169e-04
1.438382605132534399e-04
1.417412967080351185e-04
1.400949517240478279e-04
1.387714856461534359e-04
1.377913098995441868e-04
1.372704609778666019e-04
1.373863311157737992e-04
1.381213357842350266e-04
1.390716872951066208e-04
1.397779959961458829e-04
1.397836723982335953e-04
1.386419707151173943e-04
1.362232566931546743e-04
1.325813288032952700e-04
1.279228206917717157e-04
1.226492168292484149e-04
1.171727422819180694e-04
1.119103834542373068e-04
1.071836997538087372e-04
1.031822174612924246e-04
9.983640818957469499e-05
9.669258346884028845e-05
9.336540445959627893e-05
8.958687506470047550e-05
8.529712674358198572e-05
8.052763494023623550e-05
7.539599202245164428e-05
7.045761093061030664e-05
6.586820769759588439e-05
6.124089903861206028e-05
5.626267408566061281e-05
5.118246982454861539e-05
4.658766516750777751e-05
4.231082135946743930e-05
3.852214911459912175e-05
3.506391926546833864e-05
3.162869830330490600e-05
2.791682058793566683e-05
2.420816877818209321e-05
2.084638237886099314e-05
1.770508961887433063e-05
1.490614485095067945e-05
1.208533424336447061e-05
9.490747013272446246e-06
7.333731067878518768e-06
5.692132821261914915e-06
4.469917591734419218e-06
4.270330022406133098e-06
2.870862349294028447e-06
1.906552535893188375e-06
1.549192709271769301e-06
9.533889236462739627e-07
5.433309463001080870e-07
2.186068245803376260e-07
9.024513060274072437e-08
9.174321067815833135e-08
9.189617202717267769e-08
7.766922269993747379e-08
6.661679488049419047e-08
5.888761055361616073e-08
5.116970518196576157e-08
4.092571413982224338e-08
2.933995539379163465e-08
2.049488912119143285e-08
1.417250906221543478e-08
1.061898198023335282e-08
8.032602394114579018e-09
5.765378104236045284e-09
3.999562237225468971e-09
2.701766721022788703e-09
1.951407849055249439e-09
