4.437107054034078146e+01
5.654452178601222556e+01
8.009140334577458020e+01
9.950981669860757961e+01
1.258447517975204448e+02
1.374388686168099412e+02
1.511834468544146262e+02
1.757592116379017000e+02
2.036656756420447039e+02
2.178698474668231881e+02
2.703799847808623440e+02
3.143367643982052755e+02
3.413728865270703068e+02
3.822205534044287560e+02
4.162304217053682578e+02
4.402189447562154783e+02
4.644189409776909656e+02
4.870612319887320609e+02
5.038081018497463788e+02
5.762303787189957802e+02
6.064271412578759737e+02
6.257249071552666919e+02
6.533943809400677765e+02
6.564714295567579256e+02
6.942155903733400919e+02
7.149528601298950434e+02
7.490553276174006214e+02
7.644226540467249151e+02
8.289773503426113166e+02
8.608572852724923905e+02
8.935303372374828541e+02
9.297384356810628105e+02
9.571894655032314176e+02
9.869509399091583646e+02
9.937501027305584103e+02
1.011055097006943015e+03
1.013369176417463450e+03
1.055086269288694211e+03
1.068809945013770175e+03
1.056672197093758996e+03
1.059820198069715843e+03
1.051594763313885778e+03
1.082503803496272212e+03
1.089993204379877852e+03
1.089752765368986275e+03
1.070931001161829045e+03
1.096381937910868373e+03
1.137465261369764903e+03
1.176927366303613780e+03
1.193638064880216007e+03
1.200386690919328430e+03
1.248404742068870746e+03
1.277724073266140749e+03
1.319694573816411321e+03
1.327154288926060644e+03
1.335298327995034924e+03
1.364764759033945666e+03
1.387651779178888773e+03
1.362713634375510537e+03
1.343003652968316146e+03
1.359699302979615823e+03
1.333745704491434935e+03
1.329209561022271146e+03
1.314889885483041553e+03
1.296483528417591970e+03
1.349839485275258085e+03
1.375565940449315121e+03
1.367926357169111725e+03
1.360381448946222235e+03
1.386249650659950021e+03
1.388709929826739881e+03
1.407869726413960962e+03
1.377891437056513951e+03
1.370023548300695438e+03
1.404624016555025946e+03
1.426375768258848439e+03
1.442350676984024176e+03
1.454268366241928106e+03
1.488906160005069978e+03
1.538310094982271266e+03
1.581026832520053176e+03
1.594730047778285780e+03
1.600317098550287938e+03
1.628109242359590780e+03
1.646218854947335103e+03
1.661995867852318952e+03
1.659225951340538359e+03
1.646595262179120709e+03
1.675010944190178634e+03
1.677559553820859264e+03
1.697859327487857627e+03
1.695939650003773522e+03
1.714089983625302466e+03
1.714553199756856657e+03
1.746789690946382052e+03
1.750387513910741973e+03
1.734044010192326823e+03
1.760271482544642822e+03
1.756357748116967969e+03
1.767326060063125851e+03
1.755452335508875876e+03
1.741631107170612268e+03
1.758922596587638964e+03
1.774776729159982551e+03
1.766846789155712713e+03
1.762849980750594568e+03
1.781071370064547637e+03
1.769330199051593354e+03
1.807042196431563298e+03
1.803864536513441180e+03
1.799193962477158721e+03
1.829887768523252362e+03
1.817510304215344149e+03
1.828738806782514757e+03
1.836173620529868685e+03
1.851708610499343649e+03
1.832531112029293354e+03
1.857459816673938803e+03
1.866437276362015382e+03
1.872839487401910674e+03
1.886079718170179149e+03
1.864739680511236656e+03
1.879365761221404910e+03
1.856289270980576248e+03
1.859498953821480654e+03
1.855754760012857787e+03
1.844748607530942763e+03
1.854986211435353198e+03
1.841707850425096694e+03
1.859099669056512539e+03
1.847990226133247234e+03
1.859248011138992297e+03
1.845435274271701928e+03
1.855350650990461190e+03
1.860122589761428117e+03
1.855060654278498760e+03
1.892257895964005229e+03
1.882599512489177641e+03
1.885307155078790856e+03
1.880779632982952535e+03
1.877679419906687144e+03
1.882354029254149964e+03
1.883334260755714240e+03
1.882511132599991015e+03
1.859878145831507481e+03
1.890876728652284328e+03
1.874657083595687482e+03
1.877959622216278149e+03
1.873454976615850910e+03
1.867997358941262519e+03
1.852528463850985418e+03
1.863857495737266845e+03
1.887843263212696911e+03
1.881130014725674528e+03
1.942486466033184570e+03
1.930625859220671828e+03
1.961383135805834627e+03
1.985198732717787152e+03
2.001856398483873136e+03
2.006421675832878918e+03
1.990589775070782252e+03
1.993556438192218593e+03
1.965141105776799577e+03
1.997013224981105623e+03
1.969771287766834348e+03
1.955843759841170595e+03
1.956207608468698254e+03
1.949050277364862950e+03
1.942861136926643212e+03
1.926278341177278435e+03
1.945351756892909634e+03
1.927800604816640316e+03
1.940993099272406198e+03
1.925365022644973578e+03
1.928773470650595073e+03
1.938376270494724622e+03
1.945036821104551109e+03
1.964856092000777608e+03
1.989751430804222764e+03
2.027192503915919133e+03
2.019798154980464460e+03
2.014212949335251096e+03
2.016429963963150385e+03
2.021667400656403515e+03
2.032348290699399286e+03
2.024933851649748476e+03
2.061708801587732978e+03
2.069733071955254673e+03
2.089696785283633290e+03
2.084374693844369631e+03
2.085215087831526944e+03
2.096333047261012325e+03
2.081443583539426527e+03
2.074703139549285879e+03
2.071979172414126879e+03
2.081410827655887715e+03
2.057654961527554406e+03
2.060047544054186346e+03
2.058365632168758566e+03
2.045124706296963723e+03
2.044713628477656584e+03
2.002076232131749748e+03
1.979049227921882448e+03
1.985524763916742131e+03
2.005069507333990941e+03
1.991774805431215555e+03
2.000015689478252398e+03
2.003869712471257117e+03
2.010392090289395583e+03
2.027203696936390315e+03
2.014430739549101190e+03
2.020942362236757617e+03
2.048384742371603807e+03
2.055273385541690914e+03
2.032112071351759141e+03
2.031558937982855241e+03
2.043395615534822809e+03
2.053248873152990654e+03
2.053972710493165323e+03
2.038830587415657646e+03
2.059463661626919929e+03
2.080523258556188921e+03
2.075338606706895007e+03
2.087257538491725427e+03
2.109318088320650986e+03
2.142896472257007190e+03
2.149907884185496187e+03
2.168013263969472973e+03
2.179116813791020377e+03
2.213607032629619880e+03
