2.504395235651505429e-05
2.459373838536006387e-05
2.513601675947258160e-05
2.618906323778463378e-05
2.732130153583107549e-05
2.815861058605755179e-05
2.851988350359843923e-05
2.840170406728934470e-05
2.788199552534242895e-05
2.708226705279647800e-05
2.613941292625296265e-05
2.497734649962381852e-05
2.359374923149994035e-05
2.205887028300188436e-05
2.038808772809988555e-05
1.859720775953666429e-05
1.674115893288239277e-05
1.492547162687852887e-05
1.330737570831881582e-05
1.209059384333836734e-05
1.146772350419157264e-05
1.152433589191358750e-05
1.221111385369708697e-05
1.339321789321087515e-05
1.489471338523602451e-05
1.653366949724843771e-05
1.816207336364311249e-05
1.969769414873357103e-05
2.111887927601747444e-05
2.241973822671022718e-05
2.361280346582234413e-05
2.457001025170964107e-05
2.535390003641126771e-05
2.587016427172352429e-05
2.617501113039333207e-05
2.628939495896460700e-05
2.623398856360153740e-05
2.602332306916275238e-05
2.567184888326138503e-05
2.519951537323182324e-05
2.462753054033223378e-05
2.397179529786033471e-05
2.324548520791613459e-05
2.246948812575572173e-05
2.167791485453076725e-05
2.091229084160194036e-05
2.021418035226452524e-05
1.962268352377371697e-05
1.917647273217122251e-05
1.890328400957079670e-05
1.880709981061112903e-05
1.887178186201451640e-05
1.906909806477299026e-05
1.936041100397804815e-05
1.970484220079695930e-05
2.007120541510745126e-05
2.043209475718245761e-05
2.075542332442272350e-05
2.100778673668634065e-05
2.116063896073570167e-05
2.119684306479016782e-05
2.111508539953897272e-05
2.092698228636062177e-05
2.065396202113725844e-05
2.031970590352753588e-05
1.993514924872867605e-05
1.950397083791361729e-05
1.904967182027088258e-05
1.862626167461487261e-05
1.829305748251159854e-05
1.809086790316711115e-05
1.803791153626199242e-05
1.814024683816244424e-05
1.840690377022425348e-05
1.882959353776600986e-05
1.937862792975116093e-05
2.001713892106617382e-05
2.071625780272613360e-05
2.144404936479423138e-05
2.215838723043160558e-05
2.283643011212115067e-05
2.346373738381624086e-05
2.398391325964106837e-05
2.431162005040867643e-05
2.439741530164285131e-05
2.422757137573117997e-05
2.383531609323305108e-05
2.326525082515748340e-05
2.252876044254859323e-05
2.166190774325813911e-05
2.074052497072967276e-05
1.981117023609789687e-05
1.890010131130211960e-05
1.806266776583047572e-05
1.734659917856351180e-05
1.678158727970758898e-05
1.637290275938487052e-05
1.608949479478690063e-05
1.593149291029819685e-05
1.594887886525482709e-05
1.625770285938641865e-05
1.700181013430715122e-05
1.818806292978186485e-05
1.965335638082197126e-05
2.126304867873242107e-05
2.304394153043345833e-05
2.506736974266334162e-05
2.728558109654861323e-05
2.961971512112755261e-05
3.200099120066688530e-05
3.447241978495457760e-05
3.703474383800855384e-05
3.965348821530503777e-05
4.255454194669398263e-05
4.582287437287929925e-05
4.922641857163487141e-05
5.258461398372465793e-05
5.590709773417721544e-05
5.925062472013916217e-05
6.271770173886293031e-05
6.640125018267373485e-05
7.003015453976380381e-05
7.318643711966160725e-05
7.583397659376213428e-05
7.841968280736327194e-05
8.129842444998997312e-05
8.443129843998297746e-05
8.761516210755727061e-05
9.066477980647037131e-05
9.323324049973298253e-05
9.484783664268596612e-05
9.539834186755169346e-05
9.505971242933825992e-05
9.378738289110146267e-05
9.194115315488449213e-05
9.001568968590986165e-05
8.799177834430425621e-05
8.604433022785655289e-05
8.448205514534870466e-05
8.343684228769802230e-05
8.273714866368488228e-05
8.156401110042303746e-05
7.943334469726649478e-05
7.654065501889644526e-05
7.315554888721817483e-05
6.972119042504811774e-05
6.646783351328967838e-05
6.346512607229304337e-05
6.062575100312557610e-05
5.784432358164769323e-05
5.506667798958446170e-05
5.205668245927137073e-05
4.879889793877710145e-05
4.548120350815729364e-05
4.183875009459266174e-05
3.781941834626148692e-05
3.368673950243540464e-05
2.950615995201856450e-05
2.528788374543661284e-05
2.168032611361069036e-05
2.035360506537095838e-05
2.295009016851310015e-05
2.807735034123754961e-05
3.374452349817110290e-05
3.888840024622167494e-05
4.344164145937086982e-05
4.773953770799120870e-05
5.187781257225096589e-05
5.578157512027089222e-05
5.919865222481015556e-05
6.225257858470488589e-05
6.524681519015416802e-05
6.840941254093457497e-05
7.189566774742990238e-05
7.572409217665455590e-05
7.991925291175412595e-05
8.456812708502659177e-05
8.925859654068680744e-05
9.356746256007922259e-05
9.704302254910163661e-05
9.894448356517586418e-05
9.959371050029712589e-05
9.964849272027250621e-05
9.945296113170107842e-05
9.970980911712508334e-05
1.015370632118759196e-04
1.052763044616525172e-04
1.095407406067243290e-04
1.125667246201954096e-04
1.135379636961532401e-04
1.127165228997565309e-04
1.109799521668286142e-04
1.086554055114735576e-04
1.060425235031852716e-04
1.039136327828044326e-04
1.032591877773856632e-04
1.045982644411363912e-04
1.080873512315929334e-04
1.134076149398342766e-04
1.199345861692146012e-04
1.273150333593735825e-04
1.354945979346650249e-04
1.443400241234125947e-04
1.534589806237725122e-04
1.623615817121511586e-04
1.706676184374431265e-04
1.782183925171310285e-04
1.848039908435547866e-04
1.901252036368985220e-04
1.940691743300016077e-04
1.968002411775955131e-04
1.986181909263344363e-04
1.997429697610814548e-04
2.003659192623652408e-04
2.008449124418544302e-04
2.015955237817061013e-04
2.027557509052995484e-04
2.042448183519208062e-04
2.057309050983642550e-04
2.065714808345989282e-04
2.065309195894767132e-04
2.062826731720693448e-04
2.069984228632784499e-04
2.096204820979868455e-04
2.144318839102838953e-04
2.209636477046138118e-04
2.284055615926328499e-04
2.359048456023595062e-04
2.426544347005312114e-04
2.480429301668753486e-04
2.516417692138415876e-04
2.531798205961461245e-04
2.525859754859259717e-04
2.498406679473929052e-04
2.448843455862819850e-04
2.379266511679895501e-04
2.292287768666390470e-04
2.186627568279474003e-04
2.063582462156390688e-04
1.932236962768878337e-04
1.802430327084213820e-04
1.678010971965849835e-04
1.559581414080941507e-04
1.448574046035448943e-04
1.346477613169999208e-04
1.255498149171808281e-04
1.180501790266189652e-04
1.126278766463289111e-04
1.094056818857595543e-04
1.082138339640440107e-04
1.084518163654496422e-04
1.101765467059092051e-04
1.145170653409623379e-04
1.219850720968326460e-04
1.313531522052016902e-04
1.410802056959948756e-04
1.499804310253048277e-04
1.567493974564208837e-04
1.606018647024383037e-04
1.606200432997577311e-04
1.559529209982388827e-04
1.480202068326341724e-04
1.395541394963271541e-04
1.323055369424788567e-04
1.271960201198723411e-04
1.246295424535223293e-04
1.243331684177139827e-04
1.257625960477509167e-04
1.286953980539284285e-04
1.330611150267746641e-04
1.386280992967358608e-04
1.444762867991589020e-04
1.488420771890933017e-04
1.506895602216688258e-04
1.507296602150576454e-04
1.502496031199972539e-04
1.500627601218456621e-04
1.498597200889879659e-04
1.486358114744409356e-04
1.461103408046210644e-04
1.428753838932755025e-04
1.400069368101356784e-04
1.381919046696717952e-04
1.376194564739739745e-04
1.382465760168840024e-04
1.397750771262813230e-04
1.421582149142634451e-04
1.455107551040950363e-04
1.495825382400759005e-04
1.535720730182671997e-04
1.565657325948995959e-04
1.580269399553779850e-04
1.580230105238386920e-04
1.566447303110019939e-04
1.536530672027571268e-04
1.491530540280703611e-04
1.433039446978438033e-04
1.360824825042561295e-04
1.283997953351007722e-04
1.212249327116276761e-04
1.147678219309824029e-04
1.087618026707210791e-04
1.019786611341119258e-04
9.418950831885571919e-05
8.674751995649748271e-05
8.040364259932247695e-05
7.441838472360257615e-05
6.807208938204071754e-05
6.191767079511937167e-05
5.594331683275740019e-05
5.003996524192091700e-05
4.518824024741044127e-05
4.164961370463570828e-05
3.897527770177986459e-05
3.665165905080446150e-05
3.503901563093882551e-05
3.425065289309292104e-05
3.417986559191487576e-05
3.330427600244315468e-05
3.165885535688121123e-05
2.995636134536142799e-05
2.860621593506539487e-05
2.727238204860695593e-05
2.453745023042976694e-05
2.058605260871166032e-05
1.734414056072787092e-05
1.548450680029176202e-05
1.488459596282015165e-05
1.799958794595479184e-05
1.489803542626677545e-05
1.114853798856850672e-05
8.940669595063285789e-06
5.901619171127346049e-06
3.366147795604553353e-06
1.326194200218257978e-06
1.102976103373761010e-06
1.888097410401950486e-06
2.366304232050052241e-06
2.468958971688229861e-06
2.235711398407342051e-06
1.844345263752434445e-06
1.443019157793812517e-06
1.091708681194659295e-06
8.163958581704322815e-07
5.782847765855963086e-07
3.634288060575321478e-07
1.901664494248916030e-07
8.454701258985419636e-08
5.115813414530935271e-08
6.078941934499671841e-08
7.740877754997465476e-08
5.716478297493345919e-08
