2.893918320888078577e-04
3.116441935443056634e-04
3.359822199592006164e-04
3.479687292734353005e-04
3.527307824288237635e-04
3.539503343635336708e-04
3.525925524995343380e-04
3.493881976499305575e-04
3.452508812697327695e-04
3.417368775345865908e-04
3.404358339048547716e-04
3.402847022112390771e-04
3.400268921600999202e-04
3.394394830142154033e-04
3.386355403934922150e-04
3.377867468437013247e-04
3.370659554043839152e-04
3.365538972288426153e-04
3.362221277647767931e-04
3.360100516679903376e-04
3.358754893210500608e-04
3.358071963645134408e-04
3.358219086492394371e-04
3.359396758371345710e-04
3.361435176478494544e-04
3.363785957300431738e-04
3.366176887961326450e-04
3.368986120182246454e-04
3.372539608147133048e-04
3.376430477207673802e-04
3.385252822636150983e-04
3.386838528255234132e-04
3.395293559252351209e-04
3.397198667401116396e-04
3.397461805536488915e-04
3.396378651552016035e-04
3.394351612459798576e-04
3.391838978495833180e-04
3.389274259020580221e-04
3.386966738533763485e-04
3.385133244222318389e-04
3.383990429643102477e-04
3.383754672318182565e-04
3.384591936111165525e-04
3.386627689916956157e-04
3.390006512297066084e-04
3.394886857690934613e-04
3.401375777707947080e-04
3.409448486336022271e-04
3.419005250966943325e-04
3.430010118275773337e-04
3.442490445618482200e-04
3.456441265979265723e-04
3.471807454228455670e-04
3.488477571104685055e-04
3.506222983001354931e-04
3.524756635655355158e-04
3.543891346772146231e-04
3.563561391965048555e-04
3.583731137077579912e-04
3.604336377222222619e-04
3.625324413884472674e-04
3.646672004442272396e-04
3.668367660939375239e-04
3.690312975224006213e-04
3.712232174213926910e-04
3.733827139177040445e-04
3.754972906526815287e-04
3.775698428817557818e-04
3.796012726725330171e-04
3.815896250558583041e-04
3.835278478480764574e-04
3.854101716448284348e-04
3.872508082514890737e-04
3.890696414195614784e-04
3.908799146396367704e-04
3.926978877772703286e-04
3.945579753436150874e-04
3.964989703952670821e-04
3.985419212188553539e-04
4.006806627616332729e-04
4.028732891856760465e-04
4.050694554877616376e-04
4.072692703777786851e-04
4.095156852929755223e-04
4.118403847572772139e-04
4.142410114590817103e-04
4.166809482399813289e-04
4.191186634055559749e-04
4.215599392072985293e-04
4.240465624970125359e-04
4.265874319555517584e-04
4.291657630940151299e-04
4.317649932314464247e-04
4.343924423725038873e-04
4.370318757491507117e-04
4.396037385987743170e-04
4.420623184995260257e-04
4.444159477661578520e-04
4.467069701651755738e-04
4.490212200658242020e-04
4.514494656140188378e-04
4.540973592709648520e-04
4.570027437058359282e-04
4.601335481170438797e-04
4.634935036119268892e-04
4.671722347089679378e-04
4.712745892754685237e-04
4.758158695198687425e-04
4.807289789576633422e-04
4.860272944605510356e-04
4.917419715332393493e-04
4.978943126605028758e-04
5.045563451229049439e-04
5.116897246745671663e-04
5.191261530270113809e-04
5.267254103592211275e-04
5.344388376521427798e-04
5.423801048819895622e-04
5.507809424019874563e-04
5.597251648984506462e-04
5.689925894407057072e-04
5.782605127155692566e-04
5.874713580182576184e-04
5.968588188335106773e-04
6.065050925035030344e-04
6.163818614863134310e-04
6.265156855881895328e-04
6.368920849323080535e-04
6.473257338470911944e-04
6.574256306222701169e-04
6.671884729514770095e-04
6.768479795337815127e-04
6.863452832531381645e-04
6.957657767082213842e-04
7.053290482725701679e-04
7.151481190833281366e-04
7.255471716943428769e-04
7.367680347197582682e-04
7.488296695724443739e-04
7.615663762020636208e-04
7.744634124993273134e-04
7.869626138504613386e-04
7.992017054784478301e-04
8.117498330743384187e-04
8.251070720619484763e-04
8.397026044953399652e-04
8.553184369695769357e-04
8.710726075046692617e-04
8.865219277173275788e-04
9.018692972128125422e-04
9.170500860308014980e-04
9.324023568612813378e-04
9.489053892615772860e-04
9.664895299556766281e-04
9.844990471418917435e-04
1.002538684871173095e-03
1.020810085308756837e-03
1.039426327926672991e-03
1.058734861140753084e-03
1.079078612410716131e-03
1.100478705422546768e-03
1.123158770829646175e-03
1.147280255329025155e-03
1.172581975938689035e-03
1.198632870275889153e-03
1.225318007631112736e-03
1.252401501500018804e-03
1.279857571872092996e-03
1.307986199857917456e-03
1.337398273933996422e-03
1.368559082331742430e-03
1.401305637451845040e-03
1.435413142211632628e-03
1.470882765566620476e-03
1.507561323955226287e-03
1.545531782322401900e-03
1.585123163275075232e-03
1.626331494898663891e-03
1.668818035973819707e-03
1.711908492903522301e-03
1.754833348931031985e-03
1.796962867037155869e-03
1.837993725776974983e-03
1.877765032617745083e-03
1.916321121845336898e-03
1.954489444876035976e-03
1.992980753429926186e-03
2.032094092023367139e-03
2.072052953223938593e-03
2.113324332892622080e-03
2.156639049258979399e-03
2.201922303988115316e-03
2.248278658608800565e-03
2.294524760098656802e-03
2.339290532180102449e-03
2.381544203224645207e-03
2.421064489624644329e-03
2.458023239408494483e-03
2.492749287297711062e-03
2.525843174335940921e-03
2.558391515349203119e-03
2.591931397526067628e-03
2.628331149857588388e-03
2.669043259133585099e-03
2.714854339188627758e-03
2.766417359136321558e-03
2.824266856845002258e-03
2.888520409385039647e-03
2.958635663031429931e-03
3.033458888990636041e-03
3.111514885824628613e-03
3.191142044355262629e-03
3.271061018479669204e-03
3.350189169576342930e-03
3.427256457406166381e-03
3.501188408400009253e-03
3.571571757526370572e-03
3.638410923364919156e-03
3.701701736635649130e-03
3.761256791717020216e-03
3.816854792753608151e-03
3.868753901987282556e-03
3.917658703139266507e-03
3.964379007173236477e-03
4.009762075040120000e-03
4.054505981672615507e-03
4.098950441005186004e-03
4.143150925620263554e-03
4.187016365312122568e-03
4.230614272201175391e-03
4.274215113850307265e-03
4.318239623813105096e-03
4.363151569752453558e-03
4.409474896325447923e-03
4.457719622802556667e-03
4.508090928139018953e-03
4.560484416437681279e-03
4.614716555208470822e-03
4.670505606475299810e-03
4.727378893914915142e-03
4.784892068663024710e-03
4.843025752729117686e-03
4.902224277113881486e-03
4.963129142362365104e-03
5.025831678544333270e-03
5.089413992574749919e-03
5.152641956689752931e-03
5.214647808267325671e-03
5.275253042950489232e-03
5.335005919272818760e-03
5.394461741699053438e-03
5.453505024549424110e-03
5.511187606106079245e-03
5.566613039240868137e-03
5.619758695694525297e-03
5.670851442010162169e-03
5.720450805240308648e-03
5.768658961163941265e-03
5.814689071827984154e-03
5.858002867267711813e-03
5.899137164899790481e-03
5.939193229536511055e-03
5.979596743846241763e-03
6.021843793446974603e-03
6.066693909322015861e-03
6.113840493086204406e-03
6.161881357564080036e-03
6.208852436747826220e-03
6.253433139095486946e-03
6.295079598548863550e-03
6.333046479505246434e-03
6.365920111807587232e-03
6.391872454381592079e-03
6.410141397235820902e-03
6.420188372119087564e-03
6.420543591751161870e-03
6.409599490061260868e-03
6.386696384341552374e-03
6.352031130797350551e-03
6.306231176531605989e-03
6.250304828111166375e-03
6.185077047497864779e-03
6.110405553811665974e-03
6.026066892415212102e-03
5.932778112844902356e-03
5.831378848432873345e-03
5.722619602662684483e-03
5.607513117324895192e-03
5.487377178848034352e-03
5.363747860836895129e-03
5.237892800998135943e-03
5.110466913619633213e-03
4.982427890223258167e-03
4.855150505581768208e-03
4.729797651273402390e-03
4.607385648054431598e-03
4.488301795251376999e-03
4.372252211131653042e-03
4.258585298297764589e-03
4.146127281023693351e-03
4.034678499445531683e-03
3.925229605577347514e-03
3.817861700088842885e-03
3.711259052743227059e-03
3.604774956361022752e-03
3.498843686728871864e-03
3.393926457988877526e-03
3.289932214332567939e-03
3.186212779273811177e-03
3.081948850410083651e-03
2.976035989724080608e-03
2.867316533053867068e-03
2.756111201865959169e-03
2.642204644522331766e-03
2.524252996107786799e-03
2.401518817812238124e-03
2.273282109047839936e-03
2.139865997114060933e-03
2.001594982406103285e-03
1.857561763980718726e-03
1.707975018501247874e-03
1.554385391866872426e-03
1.397782103030225601e-03
1.240047759166011503e-03
1.084700449738386146e-03
9.350040660279025683e-04
7.941422127692570341e-04
8.441479308475014626e-04
6.281707795993392383e-04
4.423535798289619553e-04
3.328830854131942761e-04
2.005603055899487900e-04
1.073713634209407197e-04
4.098013044601755788e-05
-2.537712973428060186e-06
-2.793314701717250254e-05
-4.003352644811023105e-05
-4.302609971220803831e-05
-4.037294001259656958e-05
-3.475634026275777955e-05
-2.810056091337400817e-05
-2.151412576622478397e-05
-1.561348287575538009e-05
-1.076137051271743158e-05
-7.065279927485414743e-06
-4.428789318330477801e-06
-2.617201318792805501e-06
-1.451070416818690599e-06
-7.293337668726670588e-07
-3.108838099925271498e-07
-2.218018930997098851e-07
