-1.475000000000000000e+01
-1.700000000000000000e+01
-2.050000000000000000e+01
-2.375000000000000000e+01
-2.700000000000000000e+01
-3.000000000000000000e+01
-3.275000000000000000e+01
-3.550000000000000000e+01
-3.875000000000000000e+01
-4.150000000000000000e+01
-4.550000000000000000e+01
-4.850000000000000000e+01
-5.200000000000000000e+01
-5.525000000000000000e+01
-5.825000000000000000e+01
-6.200000000000000000e+01
-6.550000000000000000e+01
-6.900000000000000000e+01
-7.300000000000000000e+01
-7.750000000000000000e+01
-8.300000000000000000e+01
-8.800000000000000000e+01
-9.325000000000000000e+01
-9.750000000000000000e+01
-1.010000000000000000e+02
-1.040000000000000000e+02
-1.067500000000000000e+02
-1.095000000000000000e+02
-1.122500000000000000e+02
-1.147500000000000000e+02
-1.167500000000000000e+02
-1.187500000000000000e+02
-1.210000000000000000e+02
-1.222500000000000000e+02
-1.247500000000000000e+02
-1.270000000000000000e+02
-1.290000000000000000e+02
-1.312500000000000000e+02
-1.340000000000000000e+02
-1.367500000000000000e+02
-1.397500000000000000e+02
-1.425000000000000000e+02
-1.437500000000000000e+02
-1.460000000000000000e+02
-1.475000000000000000e+02
-1.482500000000000000e+02
-1.487500000000000000e+02
-1.482500000000000000e+02
-1.485000000000000000e+02
-1.487500000000000000e+02
-1.487500000000000000e+02
-1.492500000000000000e+02
-1.502500000000000000e+02
-1.517500000000000000e+02
-1.530000000000000000e+02
-1.540000000000000000e+02
-1.560000000000000000e+02
-1.577500000000000000e+02
-1.600000000000000000e+02
-1.615000000000000000e+02
-1.627500000000000000e+02
-1.637500000000000000e+02
-1.650000000000000000e+02
-1.657500000000000000e+02
-1.667500000000000000e+02
-1.675000000000000000e+02
-1.690000000000000000e+02
-1.695000000000000000e+02
-1.700000000000000000e+02
-1.707500000000000000e+02
-1.715000000000000000e+02
-1.722500000000000000e+02
-1.732500000000000000e+02
-1.740000000000000000e+02
-1.750000000000000000e+02
-1.767500000000000000e+02
-1.787500000000000000e+02
-1.800000000000000000e+02
-1.815000000000000000e+02
-1.825000000000000000e+02
-1.837500000000000000e+02
-1.852500000000000000e+02
-1.857500000000000000e+02
-1.865000000000000000e+02
-1.872500000000000000e+02
-1.877500000000000000e+02
-1.882500000000000000e+02
-1.887500000000000000e+02
-1.887500000000000000e+02
-1.890000000000000000e+02
-1.892500000000000000e+02
-1.895000000000000000e+02
-1.895000000000000000e+02
-1.895000000000000000e+02
-1.897500000000000000e+02
-1.900000000000000000e+02
-1.900000000000000000e+02
-1.900000000000000000e+02
-1.900000000000000000e+02
-1.902500000000000000e+02
-1.900000000000000000e+02
-1.900000000000000000e+02
-1.902500000000000000e+02
-1.900000000000000000e+02
-1.902500000000000000e+02
-1.900000000000000000e+02
-1.902500000000000000e+02
-1.902500000000000000e+02
-1.902500000000000000e+02
-1.902500000000000000e+02
-1.900000000000000000e+02
-1.900000000000000000e+02
-1.900000000000000000e+02
-1.900000000000000000e+02
-1.900000000000000000e+02
-1.900000000000000000e+02
-1.900000000000000000e+02
-1.902500000000000000e+02
-1.897500000000000000e+02
-1.897500000000000000e+02
-1.895000000000000000e+02
-1.900000000000000000e+02
-1.902500000000000000e+02
-1.900000000000000000e+02
-1.902500000000000000e+02
-1.902500000000000000e+02
-1.905000000000000000e+02
-1.905000000000000000e+02
-1.907500000000000000e+02
-1.912500000000000000e+02
-1.917500000000000000e+02
-1.920000000000000000e+02
-1.925000000000000000e+02
-1.930000000000000000e+02
-1.932500000000000000e+02
-1.937500000000000000e+02
-1.940000000000000000e+02
-1.942500000000000000e+02
-1.945000000000000000e+02
-1.945000000000000000e+02
-1.947500000000000000e+02
-1.955000000000000000e+02
-1.955000000000000000e+02
-1.957500000000000000e+02
-1.960000000000000000e+02
-1.960000000000000000e+02
-1.962500000000000000e+02
-1.960000000000000000e+02
-1.962500000000000000e+02
-1.965000000000000000e+02
-1.970000000000000000e+02
-1.970000000000000000e+02
-1.972500000000000000e+02
-1.972500000000000000e+02
-1.975000000000000000e+02
-1.977500000000000000e+02
-1.980000000000000000e+02
-1.980000000000000000e+02
-1.985000000000000000e+02
-1.992500000000000000e+02
-1.995000000000000000e+02
-1.997500000000000000e+02
-2.002500000000000000e+02
-2.005000000000000000e+02
-2.012500000000000000e+02
-2.020000000000000000e+02
-2.020000000000000000e+02
-2.032500000000000000e+02
-2.037500000000000000e+02
-2.042500000000000000e+02
-2.050000000000000000e+02
-2.057500000000000000e+02
-2.062500000000000000e+02
-2.067500000000000000e+02
-2.075000000000000000e+02
-2.075000000000000000e+02
-2.082500000000000000e+02
-2.090000000000000000e+02
-2.092500000000000000e+02
-2.095000000000000000e+02
-2.100000000000000000e+02
-2.105000000000000000e+02
-2.107500000000000000e+02
-2.110000000000000000e+02
-2.110000000000000000e+02
-2.115000000000000000e+02
-2.120000000000000000e+02
-2.122500000000000000e+02
-2.125000000000000000e+02
-2.127500000000000000e+02
-2.132500000000000000e+02
-2.137500000000000000e+02
-2.140000000000000000e+02
-2.145000000000000000e+02
-2.145000000000000000e+02
-2.150000000000000000e+02
-2.157500000000000000e+02
-2.160000000000000000e+02
-2.165000000000000000e+02
-2.167500000000000000e+02
-2.175000000000000000e+02
-2.180000000000000000e+02
-2.180000000000000000e+02
-2.182500000000000000e+02
-2.190000000000000000e+02
-2.195000000000000000e+02
-2.197500000000000000e+02
-2.205000000000000000e+02
-2.205000000000000000e+02
-2.210000000000000000e+02
-2.215000000000000000e+02
-2.215000000000000000e+02
-2.217500000000000000e+02
-2.222500000000000000e+02
-2.232500000000000000e+02
-2.232500000000000000e+02
-2.235000000000000000e+02
-2.240000000000000000e+02
-2.242500000000000000e+02
-2.247500000000000000e+02
-2.250000000000000000e+02
-2.252500000000000000e+02
-2.255000000000000000e+02
-2.260000000000000000e+02
-2.262500000000000000e+02
-2.267500000000000000e+02
-2.270000000000000000e+02
-2.272500000000000000e+02
-2.275000000000000000e+02
-2.275000000000000000e+02
-2.280000000000000000e+02
-2.285000000000000000e+02
-2.285000000000000000e+02
-2.287500000000000000e+02
-2.292500000000000000e+02
-2.290000000000000000e+02
-2.297500000000000000e+02
