4.560693202259058054e+00
4.104396492203044033e+00
1.233012702910668956e+01
1.109618594498250843e+01
1.055457730839468766e+01
2.482735541827124859e+00
4.059855884163140693e+00
1.178570800402635399e+01
9.713434084268575575e+00
1.263371806979673906e+01
1.143668951234601749e+01
1.635380414022934303e+01
2.021447534635522914e+01
2.444332074336429272e+01
1.856990320552411688e+01
3.116029685309618458e+01
3.467484611417836504e+01
1.760094556987400338e+01
2.124650829657362650e+01
1.579408554952104637e+01
2.343983263264423655e+01
2.814703801740173006e+01
2.168933980372703729e+01
1.448262408162137937e+01
3.689285785440196719e+01
4.191924647117767933e+01
2.794287236452793621e+01
2.178808240964351128e+01
1.253184709156246335e+01
1.853752781956510987e+01
2.240044493235149758e+01
2.477959949075521351e+01
2.037016765447401312e+01
4.821412710922039935e+01
6.564126040438607390e+01
4.752077809960459120e+01
5.629740761122771886e+01
6.160038134044557268e+01
5.034609043394673478e+01
3.672607455197508131e+01
3.743510760395388814e+01
4.746873798673172473e+01
3.933278120793153221e+01
4.198598227944981431e+01
3.772211948168996543e+01
4.824535500379775499e+01
5.913629213255352113e+01
7.011063770702202191e+01
4.568087908162840449e+01
3.543046753680315675e+01
6.684315440815448994e+01
8.929336086468930489e+01
1.116935241824533307e+02
1.093911392591542722e+02
1.107802291894980584e+02
1.206764341281161279e+02
1.242337067086598381e+02
8.827917745135947314e+01
5.287725394863767292e+01
4.603633737719019337e+01
3.180184408266300622e+01
2.942618094911451365e+01
1.058116383432878393e+01
3.516280989518157440e+01
4.315965744362637935e+01
4.334201196371664366e+01
6.060812872372146387e+01
6.922867834439095702e+01
4.861114507651534922e+01
5.786810251511537473e+01
3.825949235958287176e+01
4.408818548315753105e+01
6.323168403691245487e+01
6.026701735867058574e+01
4.924513971499524700e+01
4.786313649458132602e+01
5.406614607108343762e+01
5.243702793187426892e+01
7.829215410402130715e+01
6.174388736419048485e+01
6.422121440189968666e+01
8.211159943933469663e+01
7.681993517406479555e+01
7.378275873132005813e+01
8.502849698688443425e+01
7.814369390444549879e+01
8.219835211546383391e+01
9.509057645457426133e+01
8.826995849777134140e+01
9.020179942022664932e+01
8.437536503110041508e+01
9.259114156713920352e+01
9.316446179174656095e+01
8.782663086823664855e+01
6.348315779701456307e+01
6.121402344518796923e+01
5.487087381159712152e+01
5.458650398346345156e+01
6.831446413106890247e+01
5.565868600171045699e+01
6.399725566945770083e+01
6.728354002149413304e+01
6.522321282302759471e+01
7.728522016656629035e+01
7.209362816507832861e+01
8.836053005740343735e+01
8.615608662383635874e+01
8.794617938856774231e+01
8.148614639156994599e+01
7.870056078164427049e+01
6.983135353299178405e+01
4.784075993244936598e+01
4.037085651166333378e+01
2.725825557586406944e+01
4.231844494553307356e+01
3.500780705028100925e+01
4.639745330562664805e+01
4.464395226867839739e+01
3.564132583544041921e+01
3.617834368625711505e+01
1.983058897653520347e+01
2.063014819421880830e+01
2.061331368033415856e+01
2.199677942782045292e+01
2.661238680674967938e+01
3.160458572917312381e+01
3.807083990389644867e+01
5.071980572425361089e+01
4.918293454683698940e+01
5.594082863829325447e+01
5.719573856513389387e+01
6.302647399476445145e+01
6.026493059534440278e+01
6.146169594162899585e+01
5.888253897771487999e+01
5.667178678566870786e+01
5.681413468045276716e+01
3.935285602495047641e+01
3.130784465204742872e+01
3.027812433840158235e+01
1.534929816546207881e+01
1.109817194729907186e+01
1.691932465637467686e+01
2.423131709886122209e+01
3.326517092700197509e+01
4.085032127311450978e+01
5.019651215362163299e+01
4.833740969574678559e+01
1.783414871075653352e+01
2.040837550225507968e+01
2.737116992951943928e+01
4.491224500995724611e+01
3.801408608243296783e+01
4.268911122329456731e+01
4.288585295170990719e+01
4.500078816147719607e+01
4.126777900639392271e+01
2.205167053779007702e+01
1.977264358279384027e+01
9.567842178703427791e+00
2.016572761420415105e+01
9.547478411389141328e+00
1.298434746905853743e+01
1.190704625774047898e+01
2.420538515914697442e+01
2.120064536638101771e+01
4.168737124373460290e+01
4.264551428234338459e+01
5.158111620650407758e+01
4.702995781045608226e+01
5.463984014764196218e+01
5.216519957429498078e+01
6.266853872692427530e+01
6.423181324782333945e+01
5.863021126627636903e+01
6.451881191457664499e+01
6.425678344579789325e+01
4.493871164616302849e+01
4.128939239084895263e+01
4.947842278831652152e+01
5.103702411823933005e+01
5.865024301886454339e+01
5.346725843716134108e+01
5.708109218618560732e+01
6.824207567594307022e+01
6.981934495359929826e+01
6.144119608994186876e+01
5.370981822784308690e+01
7.266653355227236943e+01
7.233931022545458234e+01
6.426389967097206579e+01
4.420097523964506792e+01
4.356947903111135645e+01
4.738389890161106877e+01
4.190222848884526741e+01
4.995465233346538270e+01
3.850474107126652967e+01
5.230421915080430040e+01
4.412705140713655538e+01
4.201604507673064148e+01
3.232476164234477523e+01
3.446192631834939135e+01
3.720968575424240044e+01
2.879901645463505844e+01
4.043121331762743864e+01
2.583106765869354859e+01
3.910965320640132603e+01
4.426435877768197003e+01
3.253525075123062749e+01
3.474920228523022558e+01
3.701829612307194850e+01
5.186652136550636527e+01
5.200582185269432500e+01
3.675909992941615911e+01
3.041873926171784248e+01
2.989972571927443568e+01
4.158278884318383462e+01
3.467250246270968717e+01
4.004160040944623233e+01
2.671648364577210799e+01
2.710547701284668776e+01
3.157341754615845986e+01
2.993124884196825874e+01
2.760289574091329001e+01
4.257936319083866294e+01
5.077814506924383409e+01
4.931950162648373492e+01
6.916349464110381007e+01
6.965027377189299784e+01
7.371583828392566318e+01
